

Newly saved data
<<<<<<<<<<<<<<<<<<<<<<<<<<<<<<<<<<<<<<<<<<<<<<<<<<<<<<<<<<<<<<<<<<<<<<<<<<
26/01/2025 20:54:47.572
Tx: 00 03 01 00 00 66 C5 CD 

26/01/2025 20:54:47.712
Rx: 01 03 CC 58 DF 00 00 00 00 00 67 00 00 00 00 00 EB 00 00 00 00 00 00 00 EB 00 02 00 00 00 00 00 00 00 02 00 EB 00 00 00 00 00 00 00 EB 13 86 03 E7 03 E8 03 E8 03 E7 00 00 00 04 00 00 00 05 00 00 00 01 00 00 00 0A 00 00 00 01 00 00 00 03 00 00 00 00 00 00 00 04 00 00 00 05 00 00 00 08 00 00 00 01 00 00 00 0E 00 90 01 00 00 00 00 04 00 00 00 05 00 00 00 01 00 00 00 0A 00 00 00 00 00 00 00 00 00 00 00 00 00 00 00 00 00 00 00 01 00 00 00 03 00 00 00 00 00 00 00 04 00 00 00 00 00 00 00 00 00 00 00 00 00 00 00 00 58 DF 00 00 58 DF 00 00 00 00 00 00 00 00 00 00 00 00 8C 9E 00 00 00 00 00 C3 00 00 00 00 00 BD 00 00 00 00 BA A7 

Rx: 01 03 CC 51 46 00 00 00 00 00 62 00 00 00 00 00 CD 00 00 00 00 00 00 00 CD 00 01 00 00 00 00 00 00 00 01 00 CD 00 00 00 00 00 00 00 CD 13 8A 03 E7 03 E8 03 E8 03 E7 00 00 00 05 00 00 00 05 00 00 00 01 00 00 00 0B 00 00 00 01 00 00 00 03 00 00 00 00 00 00 00 04 00 00 00 06 00 00 00 08 00 00 00 01 00 00 00 0F 00 00 01 00 00 00 00 05 00 00 00 05 00 00 00 01 00 00 00 0B 00 00 00 00 00 00 00 00 00 00 00 00 00 00 00 00 00 00 00 01 00 00 00 03 00 00 00 00 00 00 00 04 00 00 00 00 00 00 00 00 00 00 00 00 00 00 00 00 51 46 00 00 51 46 00 00 00 00 00 00 00 06 00 00 00 06 00 E6 00 00 00 00 00 C9 00 00 00 00 00 B6 00 00 00 00 E1 AB